,viol_main,viol_win,utility
0,0,0,50.55528733333334
1,0,0,41.563062333333335
2,0,0,41.563062333333335
3,0,0,40.54897233333334
4,0,0,40.54897233333334
5,0,0,40.54897233333334
6,0,0,40.54897233333334
7,0,0,40.54897233333334
8,0,0,40.54897233333334
9,0,0,40.54897233333334
10,0,0,40.54897233333334
11,0,0,40.54897233333334
12,0,0,40.54897233333334
13,0,0,40.54897233333334
14,0,0,40.54897233333334
15,0,0,40.54897233333334
16,0,0,40.54897233333334
17,0,0,40.54897233333334
18,0,0,40.54897233333334
19,0,0,40.54897233333334
20,0,0,40.54897233333334
21,0,0,40.54897233333334
22,0,0,40.54897233333334
23,0,0,40.54897233333334
24,0,0,40.54897233333334
25,0,0,40.54897233333334
26,0,0,40.54897233333334
27,0,0,40.54897233333334
28,0,0,40.54897233333334
29,0,0,40.54897233333334
30,0,0,40.54897233333334
31,0,0,40.54897233333334
32,0,0,40.54897233333334
33,0,0,40.54897233333334
34,0,0,40.54897233333334
35,0,0,40.54897233333334
36,0,0,40.54897233333334
37,0,0,40.54897233333334
38,0,0,40.54897233333334
39,0,0,40.54897233333334
40,0,0,40.54897233333334
41,0,0,40.54897233333334
42,0,0,40.54897233333334
43,0,0,40.54897233333334
44,0,0,40.54897233333334
45,0,0,40.54897233333334
46,0,0,40.54897233333334
47,0,0,40.54897233333334
48,0,0,40.54897233333334
49,0,0,40.54897233333334
50,0,0,40.54897233333334
51,0,0,40.54897233333334
52,0,0,40.54897233333334
53,0,0,40.54897233333334
54,0,0,40.54897233333334
55,0,0,40.54897233333334
56,0,0,40.54897233333334
57,0,0,40.54897233333334
58,0,0,40.54897233333334
59,0,0,40.54897233333334
60,0,0,40.54897233333334
61,0,0,40.54897233333334
62,0,0,40.54897233333334
63,0,0,40.54897233333334
64,0,0,40.54897233333334
65,0,0,40.54897233333334
66,0,0,40.54897233333334
67,0,0,40.54897233333334
68,0,0,40.54897233333334
69,0,0,40.54897233333334
70,0,0,40.54897233333334
71,0,0,40.54897233333334
72,0,0,40.54897233333334
73,0,0,40.54897233333334
74,0,0,40.54897233333334
75,0,0,40.54897233333334
76,0,0,40.54897233333334
77,0,0,40.54897233333334
78,0,0,40.54897233333334
79,0,0,40.54897233333334
80,0,0,40.54897233333334
81,0,0,40.54897233333334
82,0,0,40.54897233333334
83,0,0,40.54897233333334
84,0,0,40.54897233333334
85,0,0,40.54897233333334
86,0,0,40.54897233333334
87,0,0,40.54897233333334
88,0,0,40.54897233333334
89,0,0,40.54897233333334
90,0,0,40.54897233333334
91,0,0,40.54897233333334
92,0,0,40.54897233333334
93,0,0,40.54897233333334
94,0,0,40.54897233333334
95,0,0,40.54897233333334
96,0,0,40.54897233333334
97,0,0,40.54897233333334
98,0,0,40.54897233333334
99,0,0,40.54897233333334
100,0,0,40.54897233333334
101,0,0,40.54897233333334
102,0,0,40.54897233333334
103,0,0,40.54897233333334
104,0,0,40.54897233333334
105,0,0,40.54897233333334
106,0,0,40.54897233333334
107,0,0,40.54897233333334
108,0,0,40.54897233333334
109,0,0,40.54897233333334
110,0,0,40.54897233333334
111,0,0,40.54897233333334
112,0,0,40.54897233333334
113,0,0,40.54897233333334
114,0,0,40.54897233333334
115,0,0,40.54897233333334
116,0,0,40.54897233333334
117,0,0,40.54897233333334
118,0,0,40.54897233333334
119,0,0,40.54897233333334
120,0,0,40.54897233333334
121,0,0,40.54897233333334
122,0,0,40.54897233333334
123,0,0,40.54897233333334
124,0,0,40.54897233333334
125,0,0,40.54897233333334
126,0,0,40.54897233333334
127,0,0,40.54897233333334
128,0,0,40.54897233333334
129,0,0,40.54897233333334
130,0,0,40.54897233333334
131,0,0,40.54897233333334
132,0,0,40.54897233333334
133,0,0,40.54897233333334
134,0,0,40.54897233333334
135,0,0,40.54897233333334
136,0,0,40.54897233333334
137,0,0,40.54897233333334
138,0,0,40.54897233333334
139,0,0,40.54897233333334
140,0,0,40.54897233333334
141,0,0,40.54897233333334
142,0,0,40.54897233333334
143,0,0,40.54897233333334
144,0,0,40.54897233333334
145,0,0,40.54897233333334
146,0,0,40.54897233333334
147,0,0,40.54897233333334
148,0,0,40.54897233333334
149,0,0,40.54897233333334
150,0,0,40.54897233333334
151,0,0,40.54897233333334
152,0,0,40.54897233333334
153,0,0,40.54897233333334
154,0,0,40.54897233333334
155,0,0,40.54897233333334
156,0,0,40.54897233333334
157,0,0,40.54897233333334
158,0,0,40.54897233333334
159,0,0,40.54897233333334
160,0,0,40.54897233333334
161,0,0,40.54897233333334
162,0,0,40.54897233333334
163,0,0,39.12049733333333
164,0,0,39.12049733333333
165,0,0,39.12049733333333
166,0,0,39.12049733333333
167,0,0,39.12049733333333
168,0,0,39.12049733333333
169,0,0,39.12049733333333
170,0,0,39.12049733333333
171,0,0,39.12049733333333
172,0,0,39.12049733333333
173,0,0,39.12049733333333
174,0,0,39.12049733333333
175,0,0,39.12049733333333
176,0,0,39.12049733333333
177,0,0,39.12049733333333
178,0,0,39.12049733333333
179,0,0,39.12049733333333
180,0,0,39.12049733333333
181,0,0,39.12049733333333
182,0,0,39.12049733333333
183,0,0,39.12049733333333
184,0,0,39.12049733333333
185,0,0,39.12049733333333
186,0,0,39.12049733333333
187,0,0,39.12049733333333
188,0,0,39.12049733333333
189,0,0,39.12049733333333
190,0,0,39.12049733333333
191,0,0,39.12049733333333
192,0,0,39.12049733333333
193,0,0,39.12049733333333
194,0,0,39.12049733333333
195,0,0,39.12049733333333
196,0,0,39.12049733333333
197,0,0,39.12049733333333
198,0,0,39.12049733333333
199,0,0,39.12049733333333
200,0,0,39.12049733333333
201,0,0,39.12049733333333
202,0,0,39.12049733333333
203,0,0,39.12049733333333
204,0,0,39.12049733333333
205,0,0,39.12049733333333
206,0,0,39.12049733333333
207,0,0,39.12049733333333
208,0,0,39.12049733333333
209,0,0,39.12049733333333
210,0,0,39.12049733333333
211,0,0,39.12049733333333
212,0,0,39.12049733333333
213,0,0,39.12049733333333
214,0,0,39.12049733333333
215,0,0,39.12049733333333
216,0,0,39.12049733333333
217,0,0,39.12049733333333
218,0,0,39.12049733333333
219,0,0,39.12049733333333
220,0,0,39.12049733333333
221,0,0,39.12049733333333
222,0,0,39.12049733333333
223,0,0,39.12049733333333
224,0,0,39.12049733333333
225,0,0,39.12049733333333
226,0,0,39.12049733333333
227,0,0,39.12049733333333
228,0,0,39.12049733333333
229,0,0,39.12049733333333
230,0,0,39.12049733333333
231,0,0,39.12049733333333
232,0,0,39.12049733333333
233,0,0,39.12049733333333
234,0,0,39.12049733333333
235,0,0,39.12049733333333
236,0,0,39.12049733333333
237,0,0,39.12049733333333
238,0,0,39.12049733333333
239,0,0,39.12049733333333
240,0,0,39.12049733333333
241,0,0,39.12049733333333
242,0,0,39.12049733333333
243,0,0,39.12049733333333
244,0,0,39.12049733333333
245,0,0,39.12049733333333
246,0,0,39.12049733333333
247,0,0,39.12049733333333
248,0,0,39.12049733333333
249,0,0,39.12049733333333
250,0,0,39.12049733333333
251,0,0,39.12049733333333
252,0,0,39.12049733333333
253,0,0,39.12049733333333
254,0,0,39.12049733333333
255,0,0,39.12049733333333
256,0,0,39.12049733333333
257,0,0,39.12049733333333
258,0,0,39.12049733333333
259,0,0,39.12049733333333
260,0,0,39.12049733333333
261,0,0,39.12049733333333
262,0,0,39.12049733333333
263,0,0,39.12049733333333
264,0,0,39.12049733333333
265,0,0,39.12049733333333
266,0,0,39.12049733333333
267,0,0,39.12049733333333
268,0,0,39.12049733333333
269,0,0,39.12049733333333
270,0,0,39.12049733333333
271,0,0,39.12049733333333
272,0,0,39.12049733333333
273,0,0,39.12049733333333
274,0,0,39.12049733333333
275,0,0,39.12049733333333
276,0,0,39.12049733333333
277,0,0,39.12049733333333
278,0,0,39.12049733333333
279,0,0,39.12049733333333
280,0,0,39.12049733333333
281,0,0,39.12049733333333
282,0,0,39.12049733333333
283,0,0,39.12049733333333
284,0,0,39.12049733333333
285,0,0,39.12049733333333
286,0,0,39.12049733333333
287,0,0,39.12049733333333
288,0,0,39.12049733333333
289,0,0,39.12049733333333
290,0,0,39.12049733333333
291,0,0,39.12049733333333
292,0,0,39.12049733333333
293,0,0,39.12049733333333
294,0,0,39.12049733333333
295,0,0,38.77155233333332
296,0,0,38.77155233333332
297,0,0,38.77155233333332
298,0,0,38.77155233333332
299,0,0,38.77155233333332
300,0,0,38.77155233333332
301,0,0,38.77155233333332
302,0,0,38.77155233333332
303,0,0,38.77155233333332
304,0,0,38.77155233333332
305,0,0,38.77155233333332
306,0,0,38.77155233333332
307,0,0,38.77155233333332
308,0,0,38.77155233333332
309,0,0,38.77155233333332
310,0,0,38.77155233333332
311,0,0,38.77155233333332
312,0,0,38.77155233333332
313,0,0,38.77155233333332
314,0,0,38.77155233333332
315,0,0,38.77155233333332
316,0,0,38.77155233333332
317,0,0,38.77155233333332
318,0,0,38.77155233333332
319,0,0,38.77155233333332
320,0,0,38.77155233333332
321,0,0,38.77155233333332
322,0,0,38.77155233333332
323,0,0,38.77155233333332
324,0,0,38.77155233333332
325,0,0,38.77155233333332
326,0,0,38.77155233333332
327,0,0,38.77155233333332
328,0,0,38.77155233333332
329,0,0,38.77155233333332
330,0,0,38.77155233333332
331,0,0,38.77155233333332
332,0,0,38.77155233333332
333,0,0,38.77155233333332
334,0,0,38.77155233333332
335,0,0,38.77155233333332
336,0,0,38.77155233333332
337,0,0,38.77155233333332
338,0,0,38.77155233333332
339,0,0,38.77155233333332
340,0,0,38.77155233333332
341,0,0,38.77155233333332
342,0,0,38.77155233333332
343,0,0,38.77155233333332
344,0,0,38.77155233333332
345,0,0,38.77155233333332
346,0,0,38.77155233333332
347,0,0,38.77155233333332
348,0,0,38.77155233333332
349,0,0,38.77155233333332
350,0,0,38.77155233333332
351,0,0,38.77155233333332
352,0,0,38.77155233333332
353,0,0,38.77155233333332
354,0,0,38.77155233333332
355,0,0,38.77155233333332
356,0,0,38.77155233333332
357,0,0,38.77155233333332
358,0,0,38.77155233333332
359,0,0,38.77155233333332
360,0,0,38.77155233333332
361,0,0,38.77155233333332
362,0,0,38.77155233333332
363,0,0,38.77155233333332
364,0,0,38.77155233333332
365,0,0,38.77155233333332
366,0,0,38.77155233333332
367,0,0,38.77155233333332
368,0,0,38.77155233333332
369,0,0,38.77155233333332
370,0,0,38.77155233333332
371,0,0,38.77155233333332
372,0,0,38.77155233333332
373,0,0,38.77155233333332
374,0,0,38.77155233333332
375,0,0,38.77155233333332
376,0,0,38.77155233333332
377,0,0,38.77155233333332
378,0,0,38.77155233333332
379,0,0,38.77155233333332
380,0,0,38.77155233333332
381,0,0,38.77155233333332
382,0,0,38.77155233333332
383,0,0,38.77155233333332
384,0,0,38.77155233333332
385,0,0,38.77155233333332
386,0,0,38.77155233333332
387,0,0,38.77155233333332
388,0,0,38.77155233333332
389,0,0,38.77155233333332
390,0,0,38.77155233333332
391,0,0,38.77155233333332
392,0,0,38.77155233333332
393,0,0,38.77155233333332
394,0,0,38.77155233333332
395,0,0,38.77155233333332
396,0,0,38.77155233333332
397,0,0,38.77155233333332
398,0,0,38.77155233333332
399,0,0,38.77155233333332
400,0,0,38.77155233333332
401,0,0,38.77155233333332
402,0,0,38.77155233333332
403,0,0,38.77155233333332
404,0,0,38.77155233333332
405,0,0,38.77155233333332
406,0,0,38.77155233333332
407,0,0,38.77155233333332
408,0,0,38.77155233333332
409,0,0,38.77155233333332
410,0,0,38.77155233333332
411,0,0,38.77155233333332
412,0,0,38.77155233333332
413,0,0,38.77155233333332
414,0,0,38.77155233333332
415,0,0,38.77155233333332
416,0,0,38.77155233333332
417,0,0,38.77155233333332
418,0,0,38.77155233333332
419,0,0,38.77155233333332
420,0,0,38.77155233333332
421,0,0,38.77155233333332
422,0,0,38.77155233333332
423,0,0,38.77155233333332
424,0,0,38.77155233333332
425,0,0,38.77155233333332
426,0,0,38.77155233333332
427,0,0,38.77155233333332
428,0,0,38.77155233333332
429,0,0,38.77155233333332
430,0,0,38.77155233333332
431,0,0,38.77155233333332
432,0,0,38.77155233333332
433,0,0,38.77155233333332
434,0,0,38.77155233333332
435,0,0,38.77155233333332
436,0,0,38.77155233333332
437,0,0,38.77155233333332
438,0,0,38.77155233333332
439,0,0,38.77155233333332
440,0,0,38.77155233333332
441,0,0,38.77155233333332
442,0,0,38.77155233333332
443,0,0,38.77155233333332
444,0,0,38.77155233333332
445,0,0,38.77155233333332
446,0,0,38.77155233333332
447,0,0,38.313646333333324
448,0,0,38.313646333333324
449,0,0,38.313646333333324
450,0,0,38.313646333333324
451,0,0,38.313646333333324
452,0,0,38.313646333333324
453,0,0,38.313646333333324
454,0,0,38.313646333333324
455,0,0,38.313646333333324
456,0,0,38.313646333333324
457,0,0,38.313646333333324
458,0,0,38.313646333333324
459,0,0,38.313646333333324
460,0,0,38.313646333333324
461,0,0,38.313646333333324
462,0,0,38.313646333333324
463,0,0,38.313646333333324
464,0,0,38.313646333333324
465,0,0,38.313646333333324
466,0,0,38.313646333333324
467,0,0,38.313646333333324
468,0,0,38.313646333333324
469,0,0,38.313646333333324
470,0,0,38.313646333333324
471,0,0,38.313646333333324
472,0,0,38.313646333333324
473,0,0,38.313646333333324
474,0,0,38.313646333333324
475,0,0,38.313646333333324
476,0,0,38.313646333333324
477,0,0,38.313646333333324
478,0,0,38.313646333333324
479,0,0,38.313646333333324
480,0,0,38.313646333333324
481,0,0,38.313646333333324
482,0,0,38.313646333333324
483,0,0,38.313646333333324
484,0,0,38.313646333333324
485,0,0,38.313646333333324
486,0,0,38.313646333333324
487,0,0,38.313646333333324
488,0,0,38.313646333333324
489,0,0,38.313646333333324
490,0,0,38.313646333333324
491,0,0,38.313646333333324
492,0,0,38.313646333333324
493,0,0,38.313646333333324
494,0,0,38.313646333333324
495,0,0,38.313646333333324
496,0,0,38.313646333333324
497,0,0,38.313646333333324
498,0,0,38.313646333333324
499,0,0,38.313646333333324
500,0,0,38.313646333333324
501,0,0,38.313646333333324
502,0,0,38.313646333333324
503,0,0,38.313646333333324
504,0,0,38.313646333333324
505,0,0,38.313646333333324
506,0,0,38.313646333333324
507,0,0,38.313646333333324
508,0,0,38.313646333333324
509,0,0,38.313646333333324
510,0,0,38.313646333333324
511,0,0,38.313646333333324
512,0,0,38.313646333333324
513,0,0,38.313646333333324
514,0,0,38.313646333333324
515,0,0,38.313646333333324
516,0,0,38.313646333333324
517,0,0,38.313646333333324
518,0,0,38.313646333333324
519,0,0,38.313646333333324
520,0,0,38.313646333333324
521,0,0,38.313646333333324
522,0,0,38.313646333333324
523,0,0,38.313646333333324
524,0,0,38.313646333333324
525,0,0,38.313646333333324
526,0,0,38.313646333333324
527,0,0,38.313646333333324
528,0,0,38.313646333333324
529,0,0,38.313646333333324
530,0,0,38.313646333333324
531,0,0,38.313646333333324
532,0,0,38.313646333333324
533,0,0,38.313646333333324
534,0,0,38.313646333333324
535,0,0,38.313646333333324
536,0,0,38.313646333333324
537,0,0,38.313646333333324
538,0,0,38.313646333333324
539,0,0,38.313646333333324
540,0,0,38.313646333333324
541,0,0,38.313646333333324
542,0,0,38.313646333333324
543,0,0,38.313646333333324
544,0,0,38.313646333333324
545,0,0,38.313646333333324
546,0,0,37.65480033333334
547,0,0,37.65480033333334
548,0,0,37.65480033333334
549,0,0,37.65480033333334
550,0,0,37.65480033333334
551,0,0,37.65480033333334
552,0,0,37.65480033333334
553,0,0,37.65480033333334
554,0,0,37.65480033333334
555,0,0,37.65480033333334
556,0,0,37.65480033333334
557,0,0,37.65480033333334
558,0,0,37.65480033333334
559,0,0,37.65480033333334
560,0,0,37.65480033333334
561,0,0,37.65480033333334
562,0,0,37.65480033333334
563,0,0,37.65480033333334
564,0,0,37.65480033333334
565,0,0,37.65480033333334
566,0,0,37.65480033333334
567,0,0,37.65480033333334
568,0,0,37.65480033333334
569,0,0,37.65480033333334
570,0,0,37.65480033333334
571,0,0,37.65480033333334
572,0,0,37.65480033333334
573,0,0,37.65480033333334
574,0,0,37.65480033333334
575,0,0,37.65480033333334
576,0,0,37.65480033333334
577,0,0,37.65480033333334
578,0,0,37.65480033333334
579,0,0,37.65480033333334
580,0,0,37.65480033333334
581,0,0,37.65480033333334
582,0,0,37.65480033333334
583,0,0,37.65480033333334
584,0,0,37.65480033333334
585,0,0,37.65480033333334
586,0,0,37.65480033333334
587,0,0,37.65480033333334
588,0,0,37.65480033333334
589,0,0,37.65480033333334
590,0,0,37.65480033333334
591,0,0,37.65480033333334
592,0,0,37.65480033333334
593,0,0,37.65480033333334
594,0,0,37.65480033333334
595,0,0,37.65480033333334
596,0,0,37.65480033333334
597,0,0,37.65480033333334
598,0,0,37.65480033333334
599,0,0,37.65480033333334
600,0,0,37.65480033333334
601,0,0,37.65480033333334
602,0,0,37.65480033333334
603,0,0,37.65480033333334
604,0,0,37.65480033333334
605,0,0,37.65480033333334
606,0,0,37.65480033333334
607,0,0,37.65480033333334
608,0,0,37.65480033333334
609,0,0,37.65480033333334
610,0,0,37.65480033333334
611,0,0,37.65480033333334
612,0,0,37.65480033333334
613,0,0,37.65480033333334
614,0,0,37.65480033333334
615,0,0,37.65480033333334
616,0,0,37.65480033333334
617,0,0,37.65480033333334
618,0,0,37.65480033333334
619,0,0,37.65480033333334
620,0,0,37.65480033333334
621,0,0,37.65480033333334
622,0,0,37.65480033333334
623,0,0,37.65480033333334
624,0,0,37.65480033333334
625,0,0,37.65480033333334
626,0,0,37.65480033333334
627,0,0,37.65480033333334
628,0,0,37.65480033333334
629,0,0,37.65480033333334
630,0,0,37.65480033333334
631,0,0,37.65480033333334
632,0,0,37.65480033333334
633,0,0,37.65480033333334
634,0,0,37.65480033333334
635,0,0,37.65480033333334
636,0,0,37.65480033333334
637,0,0,37.65480033333334
638,0,0,37.65480033333334
639,0,0,37.65480033333334
640,0,0,37.65480033333334
641,0,0,37.65480033333334
642,0,0,37.65480033333334
643,0,0,37.65480033333334
644,0,0,37.65480033333334
645,0,0,37.65480033333334
646,0,0,37.65480033333334
647,0,0,37.65480033333334
648,0,0,37.65480033333334
649,0,0,37.65480033333334
650,0,0,37.65480033333334
651,0,0,37.65480033333334
652,0,0,37.65480033333334
653,0,0,37.65480033333334
654,0,0,37.65480033333334
655,0,0,37.65480033333334
656,0,0,37.65480033333334
657,0,0,37.65480033333334
658,0,0,37.65480033333334
659,0,0,37.65480033333334
660,0,0,37.65480033333334
661,0,0,37.65480033333334
662,0,0,37.65480033333334
663,0,0,37.65480033333334
664,0,0,37.65480033333334
665,0,0,37.65480033333334
666,0,0,37.65480033333334
667,0,0,37.65480033333334
668,0,0,37.65480033333334
669,0,0,37.65480033333334
670,0,0,37.65480033333334
671,0,0,37.65480033333334
672,0,0,37.65480033333334
673,0,0,37.65480033333334
674,0,0,37.65480033333334
675,0,0,37.65480033333334
676,0,0,37.65480033333334
677,0,0,37.65480033333334
678,0,0,37.65480033333334
679,0,0,37.65480033333334
680,0,0,37.65480033333334
681,0,0,37.65480033333334
682,0,0,37.65480033333334
683,0,0,37.65480033333334
684,0,0,37.65480033333334
685,0,0,37.65480033333334
686,0,0,37.65480033333334
687,0,0,37.65480033333334
688,0,0,37.65480033333334
689,0,0,37.65480033333334
690,0,0,37.65480033333334
691,0,0,37.65480033333334
692,0,0,37.65480033333334
693,0,0,37.65480033333334
694,0,0,37.65480033333334
695,0,0,37.65480033333334
696,0,0,37.65480033333334
697,0,0,37.65480033333334
698,0,0,37.65480033333334
699,0,0,37.65480033333334
700,0,0,37.65480033333334
701,0,0,37.65480033333334
702,0,0,37.65480033333334
703,0,0,37.65480033333334
704,0,0,37.65480033333334
705,0,0,37.65480033333334
706,0,0,37.65480033333334
707,0,0,37.65480033333334
708,0,0,37.65480033333334
709,0,0,37.65480033333334
710,0,0,37.65480033333334
711,0,0,37.65480033333334
712,0,0,37.65480033333334
713,0,0,37.65480033333334
714,0,0,37.65480033333334
715,0,0,37.65480033333334
716,0,0,37.65480033333334
717,0,0,37.65480033333334
718,0,0,37.65480033333334
719,0,0,37.65480033333334
720,0,0,37.65480033333334
721,0,0,37.65480033333334
722,0,0,37.65480033333334
723,0,0,37.65480033333334
724,0,0,37.65480033333334
725,0,0,37.65480033333334
726,0,0,37.65480033333334
727,0,0,37.65480033333334
728,0,0,37.65480033333334
729,0,0,37.65480033333334
730,0,0,37.65480033333334
731,0,0,37.65480033333334
732,0,0,37.65480033333334
733,0,0,37.65480033333334
734,0,0,37.65480033333334
735,0,0,37.65480033333334
736,0,0,37.65480033333334
737,0,0,37.65480033333334
738,0,0,37.65480033333334
739,0,0,37.65480033333334
740,0,0,37.65480033333334
741,0,0,37.65480033333334
742,0,0,37.65480033333334
743,0,0,37.65480033333334
744,0,0,37.65480033333334
745,0,0,37.65480033333334
746,0,0,37.65480033333334
747,0,0,37.65480033333334
748,0,0,37.65480033333334
749,0,0,37.65480033333334
750,0,0,37.65480033333334
751,0,0,37.65480033333334
752,0,0,37.65480033333334
753,0,0,37.65480033333334
754,0,0,37.65480033333334
755,0,0,37.65480033333334
756,0,0,37.65480033333334
757,0,0,37.65480033333334
758,0,0,37.65480033333334
759,0,0,37.65480033333334
760,0,0,37.65480033333334
761,0,0,37.65480033333334
762,0,0,37.65480033333334
763,0,0,37.65480033333334
764,0,0,37.65480033333334
765,0,0,37.65480033333334
766,0,0,37.65480033333334
767,0,0,37.65480033333334
768,0,0,37.65480033333334
769,0,0,37.65480033333334
770,0,0,37.65480033333334
771,0,0,37.65480033333334
772,0,0,37.65480033333334
773,0,0,37.65480033333334
774,0,0,37.65480033333334
775,0,0,37.65480033333334
776,0,0,37.65480033333334
777,0,0,37.65480033333334
778,0,0,37.65480033333334
779,0,0,37.65480033333334
780,0,0,37.65480033333334
781,0,0,37.65480033333334
782,0,0,37.65480033333334
783,0,0,37.65480033333334
784,0,0,37.65480033333334
785,0,0,37.65480033333334
786,0,0,37.65480033333334
787,0,0,37.65480033333334
788,0,0,37.65480033333334
789,0,0,37.65480033333334
790,0,0,37.65480033333334
791,0,0,37.65480033333334
792,0,0,37.65480033333334
793,0,0,37.65480033333334
794,0,0,37.65480033333334
795,0,0,37.65480033333334
796,0,0,37.65480033333334
797,0,0,37.65480033333334
798,0,0,37.65480033333334
799,0,0,37.65480033333334
800,0,0,37.65480033333334
801,0,0,37.65480033333334
802,0,0,37.65480033333334
803,0,0,37.65480033333334
804,0,0,37.65480033333334
805,0,0,37.65480033333334
806,0,0,37.65480033333334
807,0,0,37.65480033333334
808,0,0,37.65480033333334
809,0,0,37.65480033333334
810,0,0,37.65480033333334
811,0,0,37.65480033333334
812,0,0,37.65480033333334
813,0,0,37.65480033333334
814,0,0,37.65480033333334
815,0,0,37.65480033333334
816,0,0,37.65480033333334
817,0,0,37.65480033333334
818,0,0,37.65480033333334
819,0,0,37.65480033333334
820,0,0,37.65480033333334
821,0,0,37.65480033333334
822,0,0,37.65480033333334
823,0,0,37.65480033333334
824,0,0,37.65480033333334
825,0,0,37.65480033333334
826,0,0,37.65480033333334
827,0,0,37.65480033333334
828,0,0,37.65480033333334
829,0,0,37.65480033333334
830,0,0,37.65480033333334
831,0,0,37.65480033333334
832,0,0,37.65480033333334
833,0,0,37.65480033333334
834,0,0,37.65480033333334
835,0,0,37.65480033333334
836,0,0,37.65480033333334
837,0,0,37.65480033333334
838,0,0,37.65480033333334
839,0,0,37.65480033333334
840,0,0,37.65480033333334
841,0,0,37.65480033333334
842,0,0,37.65480033333334
843,0,0,37.65480033333334
844,0,0,37.65480033333334
845,0,0,37.65480033333334
846,0,0,37.65480033333334
847,0,0,37.65480033333334
848,0,0,37.65480033333334
849,0,0,37.65480033333334
850,0,0,37.65480033333334
851,0,0,37.65480033333334
852,0,0,37.65480033333334
853,0,0,37.65480033333334
854,0,0,37.65480033333334
855,0,0,37.65480033333334
856,0,0,37.65480033333334
857,0,0,37.65480033333334
858,0,0,37.65480033333334
859,0,0,37.65480033333334
860,0,0,37.65480033333334
861,0,0,37.65480033333334
862,0,0,37.65480033333334
863,0,0,37.65480033333334
864,0,0,37.65480033333334
865,0,0,37.65480033333334
866,0,0,37.65480033333334
867,0,0,37.65480033333334
868,0,0,37.65480033333334
869,0,0,37.65480033333334
870,0,0,37.65480033333334
871,0,0,37.65480033333334
872,0,0,37.65480033333334
873,0,0,37.65480033333334
874,0,0,37.65480033333334
875,0,0,37.65480033333334
876,0,0,37.65480033333334
877,0,0,37.65480033333334
878,0,0,37.65480033333334
879,0,0,37.65480033333334
880,0,0,37.65480033333334
881,0,0,37.65480033333334
882,0,0,37.65480033333334
883,0,0,37.65480033333334
884,0,0,37.65480033333334
885,0,0,37.65480033333334
886,0,0,37.65480033333334
887,0,0,37.65480033333334
888,0,0,37.65480033333334
889,0,0,37.65480033333334
890,0,0,37.65480033333334
891,0,0,37.65480033333334
892,0,0,37.65480033333334
893,0,0,37.65480033333334
894,0,0,37.65480033333334
895,0,0,37.65480033333334
896,0,0,37.65480033333334
897,0,0,37.65480033333334
898,0,0,37.65480033333334
899,0,0,37.65480033333334
900,0,0,37.65480033333334
901,0,0,37.65480033333334
902,0,0,37.65480033333334
903,0,0,37.65480033333334
904,0,0,37.65480033333334
905,0,0,37.65480033333334
906,0,0,37.65480033333334
907,0,0,37.65480033333334
908,0,0,37.65480033333334
909,0,0,37.65480033333334
910,0,0,37.65480033333334
911,0,0,37.65480033333334
912,0,0,37.65480033333334
913,0,0,37.65480033333334
914,0,0,37.65480033333334
915,0,0,37.65480033333334
916,0,0,37.65480033333334
917,0,0,37.65480033333334
918,0,0,37.65480033333334
919,0,0,37.65480033333334
920,0,0,37.65480033333334
921,0,0,37.65480033333334
922,0,0,37.65480033333334
923,0,0,37.65480033333334
924,0,0,37.65480033333334
925,0,0,37.65480033333334
926,0,0,37.65480033333334
927,0,0,37.65480033333334
928,0,0,37.65480033333334
929,0,0,37.65480033333334
930,0,0,37.65480033333334
931,0,0,37.65480033333334
932,0,0,37.65480033333334
933,0,0,37.65480033333334
934,0,0,37.65480033333334
935,0,0,37.65480033333334
936,0,0,37.65480033333334
937,0,0,37.65480033333334
938,0,0,37.65480033333334
939,0,0,37.65480033333334
940,0,0,37.65480033333334
941,0,0,37.65480033333334
942,0,0,37.65480033333334
943,0,0,37.65480033333334
944,0,0,37.65480033333334
945,0,0,37.65480033333334
946,0,0,37.65480033333334
947,0,0,37.65480033333334
948,0,0,37.65480033333334
949,0,0,37.65480033333334
950,0,0,37.65480033333334
951,0,0,37.65480033333334
952,0,0,37.65480033333334
953,0,0,37.65480033333334
954,0,0,37.65480033333334
955,0,0,37.65480033333334
956,0,0,37.65480033333334
957,0,0,37.65480033333334
958,0,0,37.65480033333334
959,0,0,37.65480033333334
960,0,0,37.65480033333334
961,0,0,37.65480033333334
962,0,0,37.65480033333334
963,0,0,37.65480033333334
964,0,0,37.65480033333334
965,0,0,37.65480033333334
966,0,0,37.65480033333334
967,0,0,37.65480033333334
968,0,0,37.65480033333334
969,0,0,37.65480033333334
970,0,0,37.65480033333334
971,0,0,37.65480033333334
972,0,0,37.65480033333334
973,0,0,37.65480033333334
974,0,0,37.65480033333334
975,0,0,37.65480033333334
976,0,0,37.65480033333334
977,0,0,37.65480033333334
978,0,0,37.65480033333334
979,0,0,37.65480033333334
980,0,0,37.65480033333334
981,0,0,37.65480033333334
982,0,0,37.65480033333334
983,0,0,37.65480033333334
984,0,0,37.65480033333334
985,0,0,37.65480033333334
986,0,0,37.65480033333334
987,0,0,37.65480033333334
988,0,0,37.65480033333334
989,0,0,37.65480033333334
990,0,0,37.65480033333334
991,0,0,37.65480033333334
992,0,0,37.65480033333334
993,0,0,37.65480033333334
994,0,0,37.65480033333334
995,0,0,37.65480033333334
996,0,0,37.65480033333334
997,0,0,37.65480033333334
998,0,0,37.65480033333334
999,0,0,37.65480033333334
